-----------------ARCS--------------------
2 7 8
3 4 1
3 8 11
3 7 9
3 6 3
4 12 10
4 2 5
4 2 1
5 7 5
5 10 7
5 3 6
5 3 2
6 5 2
7 6 5
9 9 10
9 4 2
10 8 6
13 11 12


-----------------KRUSKAL--------------------
2 7 8
3 4 1
3 8 11
3 7 9
3 6 3
4 12 10
4 2 5
4 2 1
5 7 5
5 10 7
5 3 2

0

-----------------ARCS--------------------
3 4 1
4 2 1
5 3 2
9 4 2


-----------------KRUSKAL--------------------
3 4 1
4 2 1
5 3 2

1

-----------------ARCS--------------------
3 1 4
4 2 1
5 3 2
9 4 2


-----------------KRUSKAL--------------------
3 1 4
4 2 1
5 3 2

1

-----------------ARCS--------------------
3 1 4
4 2 1
5 3 2
9 4 2


-----------------KRUSKAL--------------------
3 1 4
4 2 1
5 3 2

1

-----------------ARCS--------------------
3 1 4
4 2 1
5 3 2
9 4 2


-----------------KRUSKAL--------------------
3 1 4
4 2 1
5 3 2

1

-----------------ARCS--------------------
3 1 4
4 2 1
5 3 2
9 4 2


-----------------KRUSKAL--------------------
3 1 4
4 2 1
5 3 2